#USM00074794 1950 02 04 03 9999   10 -99999-99999-99999-99999-99999-99999 65481  3714-99999-99999-99999-99999-99999-99999-99999-99999-99999-99999-99999-99999
 102400       3       3    2963     -73    2942      29  -99999  -99999  -99999   28388  -99999  -99999  -99999  -99999  -99999  -99999  -99999  -99999
 100000     209     208    2948     -73    2948      25  -99999  -99999  -99999   25910  -99999  -99999  -99999  -99999  -99999  -99999  -99999  -99999
  85000    1591    1587    2847     -54    2982      47  -99999  -99999  -99999   13617  -99999  -99999  -99999  -99999  -99999  -99999  -99999  -99999
  70000    3181    3184    2761     -54    3057      50  -99999  -99999  -99999    7550  -99999  -99999  -99999  -99999  -99999  -99999  -99999  -99999
  50000    5844    5828    2617     -77    3190      25  -99999  -99999  -99999    2550  -99999  -99999  -99999  -99999  -99999  -99999  -99999  -99999
  40000    7524    7511    2488     -85    3232      18  -99999  -99999  -99999     855  -99999  -99999  -99999  -99999  -99999  -99999  -99999  -99999
  30000    9547    9546    2317     -39    3268      87  -99999  -99999  -99999     163  -99999  -99999  -99999  -99999  -99999  -99999  -99999  -99999
  25000   10759   10770    2270     -42    3373      84  -99999  -99999  -99999      98  -99999  -99999  -99999  -99999  -99999  -99999  -99999  -99999
  20000   12229   12221    2208     -50    3497      78  -99999  -99999  -99999      49  -99999  -99999  -99999  -99999  -99999  -99999  -99999  -99999
  15000   14062   14049    2117  -99999    3640  -99999  -99999  -99999  -99999      16  -99999  -99999  -99999  -99999  -99999  -99999  -99999  -99999
#USM00074794 1950 02 05 05 9999    9   2938-99999-99999-99999 99632   236 71185  3019 99858   215 99077   282-99999-99999    -7     3    23    43-99999-99999
 102400       3       3    2938     -88    2918      10    2961    2941   21932   24368     900  -99999     -49       0       0     -50     -98     365
 100000     208     206    2920     -78    2920      19    2941    2941   19393   21790     890  -99999     -65       0      27     -70     -17     351
  85000    1583    1571    2813     -56    2946      44    2823    2958    8672   10840     800  -99999     -82      37      26     -93       9     275
  70000    3164    3156    2724     -55    3016      49    2729    3022    3875    5784     670  -99999     -88      78      40     -78       0     219
  50000    5787    5775    2580     -73    3145      30    2581    3147     831    1888     440  -99999      12     184      22     -78     -10     155
  40000    7434    7432    2459     -82    3195      22    2459    3196     302     657     460  -99999  -99999     221      69     -94     -29     128
  30000    9432    9435    2296     -83    3239      22  -99999  -99999  -99999     130  -99999  -99999  -99999     359    -191    -152     171  -99999
  25000   10628   10630    2197     -32    3265     101  -99999  -99999  -99999      43  -99999  -99999  -99999     130     525      52    -298  -99999
  20000   12046   12048    2152  -99999    3408  -99999  -99999  -99999  -99999      25  -99999  -99999  -99999     874  -99999    -371  -99999  -99999
#USM00074794 1950 02 06 05 9999    4 -99999-99999-99999-99999-99999-99999 73036  2813 97940   378 88141  1265-99999-99999-99999-99999-99999-99999-99999-99999
 102400       3       3    2926     -59    2906      39    2946    2926   18777   22623     830  -99999      49    -111     -49     -45     -20     354
 100000     208     206    2914     -63    2914      35    2933    2933   17628   20986     840  -99999      87    -121      78     -49      46     344
  85000    1582    1573    2828     -78    2962      21    2842    2977   11517   11996     960  -99999  -99999     -14       9      14     -53     287
  70000    3163    3154    2705  -99999    2995  -99999  -99999  -99999  -99999    5028  -99999  -99999  -99999       0  -99999     -70  -99999  -99999
#USM00074794 1950 02 07 03 9999   10   2696-99999-99999-99999-99999-99999 70569  3067100544   139 96077   521 20452 11892    -6     0    23    49  1785    -6
 102200       3       3    2918     -54    2899      48    2939    2921   20014   21521     930  -99999    -269     -85     344     -85     344     360
 100000     189     188    2908     -63    2908      35    2927    2927   17783   20208     880  -99999     -58     -21      41     -21      41     345
  85000    1558    1551    2822     -60    2956      41    2833    2968    9217   11521     800  -99999    -190      35     -25      35     -16     277
  70000    3137    3135    2728     -63    3020      40    2732    3025    2978    5955     500  -99999     -57      -4      26       9       6     214
  50000    5769    5742    2563     -71    3124      34    2564    3125     574    1639     350  -99999      -6      65      46      26     -16     155
  40000    7403    7405    2447     -67    3179      41    2447    3180     200     588     340  -99999  -99999     140      60       0       0     128
  30000    9414    9406    2312     -85    3261      19  -99999  -99999  -99999     154  -99999  -99999  -99999     260      51       0    -114  -99999
  25000   10620   10620    2210     -55    3284      66  -99999  -99999  -99999      50  -99999  -99999  -99999     322      91    -137      97  -99999
  20000   12031   12037    2132     -12    3377     141  -99999  -99999  -99999      19  -99999  -99999  -99999     450     -61       0     -81  -99999
  15000   13825   13817    2111  -99999    3630  -99999  -99999  -99999  -99999      15  -99999  -99999  -99999     341  -99999    -145  -99999  -99999
#USM00074794 1950 02 07 15 9999   15   2687-99999-99999-99999 98309   291 65928  3601 95846   504 87897  1232 23916 10903    -5    -1    21    50  1139   -17
 101700       3       3    2935    -123    2920     -21    2955    2941   18658   23921     780  -99999     205      18      68      -8     247     350
 100000     149     147    2917     -60    2917      37    2936    2936   17322   21385     810  -99999     -43      28     -12      28       0     342
  85000    1532    1516    2834     -40    2968      62    2845    2981    9367   12489     750  -99999    -208      12      -8      28     -55     276
  70000    3122    3124    2770     -79    3067      22    2775    3072    3379    8046     420  -99999     -23       0      32     -60      36     213
  50000    5750    5747    2563     -60    3124      47    2564    3125     590    1639     360  -99999    -104      83      23      34     -21     155
  40000    7390    7391    2464     -75    3201      30    2464    3202     131     688     190  -99999  -99999     120       5       0       0     127
  30000    9405    9400    2312     -64    3261      49  -99999  -99999  -99999     154  -99999  -99999  -99999     130     140       0       0  -99999
  25000   10620   10618    2234     -34    3320      98  -99999  -99999  -99999      66  -99999  -99999  -99999     300     -42       0       0  -99999
  20000   12054   12063    2185     -11    3461     143  -99999  -99999  -99999      37  -99999  -99999  -99999     240  -99999       0  -99999  -99999
  15000   13890   13885    2165     -42    3723     102  -99999  -99999  -99999      29  -99999  -99999  -99999  -99999  -99999  -99999  -99999  -99999
  10000   16391   16396    2060      17    3978     232  -99999  -99999  -99999       7  -99999  -99999  -99999  -99999  -99999  -99999  -99999  -99999
   7000   18560   18560    2096      17    4482     258  -99999  -99999  -99999      12  -99999  -99999  -99999  -99999  -99999  -99999  -99999  -99999
   5000   20644   20641    2132      16    5019     289  -99999  -99999  -99999      19  -99999  -99999  -99999  -99999  -99999  -99999  -99999  -99999
   3000   23870   23870    2185      45    5952     413  -99999  -99999  -99999      37  -99999  -99999  -99999  -99999  -99999  -99999  -99999  -99999
   2000   26517   26532    2303  -99999    7045  -99999  -99999  -99999  -99999     140  -99999  -99999  -99999  -99999  -99999  -99999  -99999  -99999
#USM00074794 1950 02 08 03 9999   11   2935100000   163     8-99999-99999 71451  2968 98335   303 86352  1400 23196 11077    -3     1    28    46  1624   -70
 101900       3       3    2926      49    2910     147    2947    2931   19455   22622     860  -99999    -675     -21       0      21       0     355
 100000     166     164    2934     -71    2934      25    2953    2953   17829   23772     750  -99999      22     -21      35      21     -24     342
  85000    1557    1538    2835     -73    2969      27    2847    2982    9807   12573     780  -99999      13      28       4     -12     -45     278
  70000    3136    3135    2720     -51    3011      54    2726    3019    4494    5617     800  -99999    -244      34       7     -83     -18     222
  50000    5754    5748    2587     -79    3153      24    2587    3154     320    2000     160  -99999      18      52       7    -130     -17     152
  40000    7401    7401    2457     -80    3192      25    2457    3192     123     645     190  -99999  -99999      64      39    -158       9     127
  30000    9395    9402    2298     -67    3241      44  -99999  -99999  -99999     133  -99999  -99999  -99999     141      71    -141     -71  -99999
  25000   10596   10599    2217      -9    3294     138  -99999  -99999  -99999      54  -99999  -99999  -99999     226      73    -226     158  -99999
  20000   12027   12039    2204     -37    3491     100  -99999  -99999  -99999      46  -99999  -99999  -99999     330      41       0     -94  -99999
  15000   13862   13854    2137     -43    3675     101  -99999  -99999  -99999      21  -99999  -99999  -99999     405  -99999    -172  -99999  -99999
  10000   16320   16335    2032  -99999    3923  -99999  -99999  -99999  -99999       5  -99999  -99999  -99999  -99999  -99999  -99999  -99999  -99999
#USM00074794 1950 02 08 15 9999   15   2642-99999-99999-99999 97518   393 69557  3190 96819   455 95116   606 19637 12150    -7     2    19    45  3209    -3
 102100       3       3    2953    -106    2935      -6    2976    2958   21372   26715     800  -99999      56     -28     -39     -28     -39     360
 100000     183     182    2934     -76    2934      22    2955    2955   19255   23772     810  -99999     -65     -35      25     -35      18     348
  85000    1558    1554    2830     -60    2964      40    2841    2976    8754   12159     720  -99999    -183       0       0     -10     -51     274
  70000    3142    3139    2735     -59    3028      45    2738    3032    2694    6266     430  -99999    -103       0      39     -90      18     212
  50000    5765    5758    2580     -80    3145      21    2580    3145     302    1888     160  -99999      18     101      12     -43     -47     152
  40000    7405    7406    2448     -78    3180      27    2448    3181     113     594     190  -99999  -99999     120      46    -120     -46     128
  30000    9399    9400    2293     -59    3234      57  -99999  -99999  -99999     126  -99999  -99999  -99999     212      47    -212     -47  -99999
  25000   10600   10603    2222     -35    3302      96  -99999  -99999  -99999      57  -99999  -99999  -99999     269      37    -269      92  -99999
  20000   12037   12034    2172     -10    3440     144  -99999  -99999  -99999      32  -99999  -99999  -99999     322      21    -137      75  -99999
  15000   13860   13857    2153     -39    3702     108  -99999  -99999  -99999      25  -99999  -99999  -99999     360       7       0     -64  -99999
  10000   16349   16357    2056       7    3970     216  -99999  -99999  -99999       7  -99999  -99999  -99999     377  -99999    -160  -99999  -99999
   7000   18471   18502    2071      34    4428     295  -99999  -99999  -99999       9  -99999  -99999  -99999  -99999  -99999  -99999  -99999  -99999
   5000   20544   20544    2141      10    5040     271  -99999  -99999  -99999      22  -99999  -99999  -99999     180     -71       0     -37  -99999
   3000   23776   23767    2172      23    5917     347  -99999  -99999  -99999      32  -99999  -99999  -99999     -51     -54    -120     119  -99999
   2000   26388   26388    2231  -99999    6824  -99999  -99999  -99999  -99999      63  -99999  -99999  -99999    -191  -99999     191  -99999  -99999
#USM00074794 1950 02 09 03 9999   11   3292-99999-99999-99999-99999-99999 71278  2988 99857   189 96819   452 20465 11945    -5     0    31    47  2141    -5
 102100       3       3    2931     -66    2913      33    2954    2936   21236   23336     910  -99999       0     -60     -55       0       0     363
 100000     184     181    2919     -68    2919      30    2940    2940   19705   21654     910  -99999       0     -70      15       0       0     352
  85000    1559    1550    2826     -66    2960      34    2839    2974   10771   11836     910  -99999       0     -50       9       0     -22     284
  70000    3143    3135    2722     -52    3014      52    2729    3022    5187    5700     910  -99999    -285     -35      19     -35      -1     226
  50000    5772    5755    2584     -74    3150      30    2584    3150     312    1951     160  -99999  -99999      15      34     -37     -84     152
  40000    7425    7419    2462     -74    3199      31  -99999  -99999  -99999     676  -99999  -99999  -99999      71     175    -176    -123  -99999
  30000    9440    9434    2312     -58    3261      57  -99999  -99999  -99999     154  -99999  -99999  -99999     424  -99999    -424  -99999  -99999
  25000   10660   10654    2241     -58    3330      61  -99999  -99999  -99999      71  -99999  -99999  -99999  -99999  -99999  -99999  -99999  -99999
  20000   12097   12096    2158     -16    3418     136  -99999  -99999  -99999      27  -99999  -99999  -99999  -99999  -99999  -99999  -99999  -99999
  15000   13887   13901    2129     -37    3661     110  -99999  -99999  -99999      19  -99999  -99999  -99999  -99999  -99999  -99999  -99999  -99999
  10000   16359   16358    2037  -99999    3933  -99999  -99999  -99999  -99999       5  -99999  -99999  -99999     562  -99999    -238  -99999  -99999
#USM00074794 1950 02 09 15 9999   13   2685-99999-99999-99999-99999-99999 68829  3272 99267   240 95735   548 18848 12423    -3     6    20    38  2172    -4
 102100       3       3    2933     -84    2915      17    2956    2938   21028   23627     890  -99999     -56      28    -201     -28      56     361
 100000     182     181    2918     -60    2918      37    2939    2939   18937   21519     880  -99999    -233      -8      -3     -18      -7     349
  85000    1554    1550    2835     -61    2969      40    2843    2979    7041   12573     560  -99999      63     -12       8     -28      30     265
  70000    3140    3137    2739     -52    3032      53    2745    3039    4257    6450     660  -99999    -189       0      35      20     -22     220
  50000    5783    5769    2602     -84    3172      17    2602    3172     362    2260     160  -99999      18      92      -8     -39     -24     151
  40000    7436    7437    2463     -75    3200      31    2463    3200     130     682     190  -99999  -99999      78      35     -78     -35     127
  30000    9443    9446    2313     -78    3262      29  -99999  -99999  -99999     156  -99999  -99999  -99999     148     122    -148      19  -99999
  25000   10649   10652    2219     -67    3297      49  -99999  -99999  -99999      55  -99999  -99999  -99999     295     117    -125     -50  -99999
  20000   12060   12067    2125     -16    3366     135  -99999  -99999  -99999      18  -99999  -99999  -99999     460  -99999    -195  -99999  -99999
  15000   13829   13836    2096     -10    3604     162  -99999  -99999  -99999      12  -99999  -99999  -99999  -99999  -99999  -99999  -99999  -99999
  10000   16285   16301    2072      -3    4001     193  -99999  -99999  -99999       9  -99999  -99999  -99999  -99999  -99999  -99999  -99999  -99999
   7000   18427   18444    2065      28    4415     282  -99999  -99999  -99999       8  -99999  -99999  -99999  -99999  -99999  -99999  -99999  -99999
   5000   20485   20488    2122  -99999    4995  -99999  -99999  -99999  -99999      17  -99999  -99999  -99999  -99999  -99999  -99999  -99999  -99999
#USM00074794 1950 02 10 03 9999   10 -99999-99999-99999-99999 70012  3139 70151  3125 96424   480 89508  1109 19168 12312    -3-99999-99999-99999  2053   -28
 102000       3       3    2942     -63    2925      26    2963    2946   19731   24976     790  -99999  -99999     -30     -37       0      84     354
 100000     194     173    2930     -69    2930      28  -99999  -99999  -99999   23190  -99999  -99999  -99999     -37      24      16      -5  -99999
  85000    1564    1565    2835     -66    2969      35  -99999  -99999  -99999   12573  -99999  -99999  -99999      -4      15       9      23  -99999
  70000    3143    3145    2731     -50    3024      55    2735    3029    3287    6087     540  -99999    -144      20      24      46      -5     215
  50000    5782    5767    2600     -90    3169      10    2600    3170     356    2224     160  -99999  -99999      83      59      34     -21     151
  40000    7435    7431    2452     -74    3186      32  -99999  -99999  -99999     616  -99999  -99999  -99999     180      29       0     -51  -99999
  30000    9437    9437    2304     -75    3250      32  -99999  -99999  -99999     142  -99999  -99999  -99999     239      61    -102     -26  -99999
  25000   10643   10642    2213     -65    3288      50  -99999  -99999  -99999      52  -99999  -99999  -99999     313     118    -133     -50  -99999
  20000   12054   12058    2121     -17    3359     136  -99999  -99999  -99999      17  -99999  -99999  -99999     479    -153    -203     116  -99999
  15000   13810   13827    2092  -99999    3597  -99999  -99999  -99999  -99999      12  -99999  -99999  -99999     210  -99999       0  -99999  -99999
