#USM00074794 1950 02 04 03 9999   10 ncdc6310           284667  -805500
21 -9999 102400B    3   231B-9999 -9999 -9999 -9999 
10 -9999 100000   209B  216B-9999 -9999 -9999 -9999 
10 -9999  85000  1591B  115B-9999 -9999 -9999 -9999 
10 -9999  70000  3181B   29B-9999 -9999 -9999 -9999 
10 -9999  50000  5844B -115B-9999 -9999 -9999 -9999 
10 -9999  40000  7524B -244B-9999 -9999 -9999 -9999 
10 -9999  30000  9547B -415B-9999 -9999 -9999 -9999 
10 -9999  25000 10759B -462B-9999 -9999 -9999 -9999 
10 -9999  20000 12229B -524B-9999 -9999 -9999 -9999 
10 -9999  15000 14062B -615B-9999 -9999 -9999 -9999 
#USM00074794 1950 02 05 05 9999    9 ncdc6310           284667  -805500
21 -9999 102400B    3   206B  900 -9999   360    50 
10 -9999 100000   208B  188B  890 -9999   360    70 
10 -9999  85000  1583B   81B  800 -9999   338   100 
10 -9999  70000  3164B   -8B  670 -9999   315   110 
10 -9999  50000  5787B -152B  440 -9999   293   200 
10 -9999  40000  7434B -273B  460 -9999   293   240 
10 -9999  30000  9432B -436B-9999 -9999   293   390 
10 -9999  25000 10628B -535B-9999 -9999   248   140 
10 -9999  20000 12046B -580B-9999 -9999   293   950 
#USM00074794 1950 02 06 05 9999    4 ncdc6310           284667  -805500
21 -9999 102400B    3   194B  830 -9999    68   120 
10 -9999 100000   208B  182B  840 -9999    68   130 
10 -9999  85000  1582B   96B  960 -9999   135    20 
10 -9999  70000  3163B  -27B-9999 -9999   360    70 
#USM00074794 1950 02 07 03 9999   10 ncdc6310           284667  -805500
21 -9999 102200B    3   186B  930 -9999    45   120 
10 -9999 100000   189B  176B  880 -9999    45    30 
10 -9999  85000  1558B   90B  800 -9999   225    50 
10 -9999  70000  3137B   -4B  500 -9999   158    10 
10 -9999  50000  5769B -169B  350 -9999   248    70 
10 -9999  40000  7403B -285B  340 -9999   270   140 
10 -9999  30000  9414B -420B-9999 -9999   270   260 
10 -9999  25000 10620B -522B-9999 -9999   293   350 
10 -9999  20000 12031B -600B-9999 -9999   270   450 
10 -9999  15000 13825B -621B-9999 -9999   293   370 
#USM00074794 1950 02 07 15 9999   15 ncdc6310           284667  -805500
21 -9999 101700B    3   203B  780 -9999   293    20 
10 -9999 100000   149B  185B  810 -9999   225    40 
10 -9999  85000  1532B  102B  750 -9999   203    30 
10 -9999  70000  3122B   38B  420 -9999   360    60 
10 -9999  50000  5750B -169B  360 -9999   248    90 
10 -9999  40000  7390B -268B  190 -9999   270   120 
10 -9999  30000  9405B -420B-9999 -9999   270   130 
10 -9999  25000 10620B -498B-9999 -9999   270   300 
10 -9999  20000 12054B -547B-9999 -9999   270   240 
10 -9999  15000 13890B -567B-9999 -9999 -9999 -9999 
10 -9999  10000 16391B -672B-9999 -9999 -9999 -9999 
10 -9999   7000 18560B -636B-9999 -9999 -9999 -9999 
10 -9999   5000 20644B -600B-9999 -9999 -9999 -9999 
10 -9999   3000 23870B -547B-9999 -9999 -9999 -9999 
10 -9999   2000 26517B -429B-9999 -9999 -9999 -9999 
#USM00074794 1950 02 08 03 9999   11 ncdc6310           284667  -805500
21 -9999 101900B    3   194B  860 -9999   135    30 
10 -9999 100000   166B  202B  750 -9999   135    30 
10 -9999  85000  1557B  103B  780 -9999   293    30 
10 -9999  70000  3136B  -12B  800 -9999   338    90 
10 -9999  50000  5754B -145B  160 -9999   338   140 
10 -9999  40000  7401B -275B  190 -9999   338   170 
10 -9999  30000  9395B -434B-9999 -9999   315   200 
10 -9999  25000 10596B -515B-9999 -9999   315   320 
10 -9999  20000 12027B -528B-9999 -9999   270   330 
10 -9999  15000 13862B -595B-9999 -9999   293   440 
10 -9999  10000 16320B -700B-9999 -9999 -9999 -9999 
#USM00074794 1950 02 08 15 9999   15 ncdc6310           284667  -805500
21 -9999 102100B    3   221B  800 -9999    45    40 
10 -9999 100000   183B  202B  810 -9999    45    50 
10 -9999  85000  1558B   98B  720 -9999   360    10 
10 -9999  70000  3142B    3B  430 -9999   360    90 
10 -9999  50000  5765B -152B  160 -9999   293   110 
10 -9999  40000  7405B -284B  190 -9999   315   170 
10 -9999  30000  9399B -439B-9999 -9999   315   300 
10 -9999  25000 10600B -510B-9999 -9999   315   380 
10 -9999  20000 12037B -560B-9999 -9999   293   350 
10 -9999  15000 13860B -579B-9999 -9999   270   360 
10 -9999  10000 16349B -676B-9999 -9999   293   410 
10 -9999   7000 18471B -661B-9999 -9999 -9999 -9999 
10 -9999   5000 20544B -591B-9999 -9999   270   180 
10 -9999   3000 23776B -560B-9999 -9999    23   130 
10 -9999   2000 26388B -501B-9999 -9999   135   270 
#USM00074794 1950 02 09 03 9999   11 ncdc6310           284667  -805500
21 -9999 102100B    3   199B  910 -9999    90    60 
10 -9999 100000   184B  187B  910 -9999    90    70 
10 -9999  85000  1559B   94B  910 -9999    90    50 
10 -9999  70000  3143B  -10B  910 -9999    45    50 
10 -9999  50000  5772B -148B  160 -9999   338    40 
10 -9999  40000  7425B -270B-9999 -9999   338   190 
10 -9999  30000  9440B -420B-9999 -9999   315   600 
10 -9999  25000 10660B -491B-9999 -9999 -9999 -9999 
10 -9999  20000 12097B -574B-9999 -9999 -9999 -9999 
10 -9999  15000 13887B -603B-9999 -9999 -9999 -9999 
10 -9999  10000 16359B -695B-9999 -9999   293   610 
#USM00074794 1950 02 09 15 9999   13 ncdc6310           284667  -805500
21 -9999 102100B    3   201B  890 -9999   315    40 
10 -9999 100000   182B  186B  880 -9999    23    20 
10 -9999  85000  1554B  103B  560 -9999    23    30 
10 -9999  70000  3140B    7B  660 -9999   180    20 
10 -9999  50000  5783B -130B  160 -9999   293   100 
10 -9999  40000  7436B -269B  190 -9999   315   110 
10 -9999  30000  9443B -419B-9999 -9999   315   210 
10 -9999  25000 10649B -513B-9999 -9999   293   320 
10 -9999  20000 12060B -607B-9999 -9999   293   500 
10 -9999  15000 13829B -636B-9999 -9999 -9999 -9999 
10 -9999  10000 16285B -660B-9999 -9999 -9999 -9999 
10 -9999   7000 18427B -667B-9999 -9999 -9999 -9999 
10 -9999   5000 20485B -610B-9999 -9999 -9999 -9999 
#USM00074794 1950 02 10 03 9999   10 ncdc6310           284667  -805500
21 -9999 102000B    3   210B  790 -9999    90    30 
10 -9999 100000   194B  198B-9999 -9999   113    40 
10 -9999  85000  1564B  103B-9999 -9999   158    10 
10 -9999  70000  3143B   -1B  540 -9999   203    50 
10 -9999  50000  5782B -132B  160 -9999   248    90 
10 -9999  40000  7435B -280B-9999 -9999   270   180 
10 -9999  30000  9437B -428B-9999 -9999   293   260 
10 -9999  25000 10643B -519B-9999 -9999   293   340 
10 -9999  20000 12054B -611B-9999 -9999   293   520 
10 -9999  15000 13810B -640B-9999 -9999   270   210 
#USM00074794 1950 02 11 03 9999   13 ncdc6310           284667  -805500
21 -9999 101900B    3   217B  810 -9999   158    40 
10 -9999 100000   176B  203B  810 -9999   158    40 
10 -9999  85000  1556B  102B  780 -9999    90    60 
10 -9999  70000  3142B  -13B  640 -9999   225    30 
10 -9999  50000  5780B -144B  160 -9999   248   140 
10 -9999  40000  7427B -289B  190 -9999   248   150 
10 -9999  30000  9417B -440B-9999 -9999   248   280 
10 -9999  25000 10613B -530B-9999 -9999   270   280 
10 -9999  20000 12024B -627B-9999 -9999   270   390 
10 -9999  15000 13793B -637B-9999 -9999   270   470 
10 -9999  10000 16249B -672B-9999 -9999   270   260 
10 -9999   7000 18400B -671B-9999 -9999 -9999 -9999 
10 -9999   5000 20429B -671B-9999 -9999 -9999 -9999 
#USM00074794 1950 02 12 03 9999   11 ncdc6310           284667  -805500
21 -9999 102000B    3   217B  850 -9999   113    50 
10 -9999 100000   175B  203B  800 -9999   113    50 
10 -9999  85000  1552B  100B  780 -9999    90    60 
10 -9999  70000  3142B    6B  530 -9999    45    30 
10 -9999  50000  5785B -127B  160 -9999   270    60 
10 -9999  40000  7438B -269B  190 -9999   315    20 
10 -9999  30000  9440B -434B-9999 -9999   315   130 
10 -9999  25000 10641B -529B-9999 -9999   315   220 
10 -9999  20000 12059B -567B-9999 -9999   293   330 
10 -9999  15000 13878B -590B-9999 -9999   293   280 
10 -9999  10000 16356B -670B-9999 -9999   293   190 
#USM00074794 1950 02 13 03 9999   11 ncdc6310           284667  -805500
21 -9999 101800B    3   224B  700 -9999   113    80 
10 -9999 100000   158B  207B  720 -9999   113   100 
10 -9999  85000  1533B   85B  690 -9999   135   130 
10 -9999  70000  3125B   35B  130 -9999   158    80 
10 -9999  50000  5777B -130B  160 -9999   225    70 
10 -9999  40000  7437B -260B  490 -9999   293    90 
10 -9999  30000  9448B -418B-9999 -9999   293   220 
10 -9999  25000 10660B -487B-9999 -9999   293   220 
10 -9999  20000 12110B -543B-9999 -9999   293   170 
10 -9999  15000 13911B -633B-9999 -9999   293   230 
10 -9999  10000 16335B -714B-9999 -9999   293   160 
#USM00074794 1950 02 14 03 9999   10 ncdc6310           284667  -805500
21 -9999 101900B    3   203B  850 -9999   135    70 
10 -9999 100000   165B  194B  830 -9999   158    80 
10 -9999  85000  1547B  104B  700 -9999   158   100 
10 -9999  70000  3150B   70B  130 -9999   203    80 
10 -9999  50000  5847B  -89B  150 -9999   248    80 
10 -9999  40000  7533B -232B  180 -9999   270   110 
10 -9999  30000  9561B -402B-9999 -9999   293   170 
10 -9999  25000 10778B -492B-9999 -9999   293   150 
10 -9999  20000 12202B -586B-9999 -9999   248   100 
10 -9999  15000 14000B -610B-9999 -9999   248   130 
